1.404694957444945880e+00 -8.589964956751002800e-01
1.325384404112298631e+00 -8.030023841600685275e-01
1.250067139687742745e+00 -7.450807730224547898e-01
1.178702975014275678e+00 -6.853131197701359811e-01
1.111244524475136553e+00 -6.237760143876541763e-01
1.047644402453566270e+00 -5.605460468595525603e-01
9.878552233328039556e-01 -4.956998071703735409e-01
9.318296014960905094e-01 -4.293138853046600811e-01
8.795201513266651672e-01 -3.614648712469546443e-01
8.308794872077682747e-01 -2.922293549817997493e-01
7.858602235226406219e-01 -2.216839264937386644e-01
7.444149746545218882e-01 -1.499051757673138252e-01
7.064963549866517534e-01 -7.696969278706766726e-02
6.720569789022704521e-01 -2.954067537543306199e-03
6.410494607846185522e-01 7.206510999671690565e-02
6.134264150169361773e-01 1.480112498311695335e-01
5.891404559824625631e-01 2.248077619812731687e-01
5.681441980644383882e-01 3.023780564624838352e-01
5.503902556461035545e-01 3.806455432902594582e-01
5.358312431106984075e-01 4.595336324800570749e-01
5.246250821834438360e-01 5.373110590258236563e-01
5.225158871829068685e-01 5.548686253462649098e-01
5.205566099489431497e-01 5.724481233954548109e-01
5.187442035134852691e-01 5.900745212558310415e-01
5.170811378101739519e-01 6.077212752651537375e-01
5.155669046657856969e-01 6.253875610539016972e-01
5.142009956329018916e-01 6.430725568119439739e-01
5.129829022641043679e-01 6.607754407291495102e-01
5.119121161119745134e-01 6.784953909953872486e-01
5.109881287290939378e-01 6.962315858005261315e-01
5.102104316680441398e-01 7.139832033344351014e-01
5.095785164814067292e-01 7.317494217869833228e-01
5.090918747217632045e-01 7.495294193480392941e-01
5.087499979416953977e-01 7.673223742074724019e-01
5.085523776937845852e-01 7.851274645551515885e-01
5.084985055306123769e-01 8.029438685809457965e-01
5.085878730047603824e-01 8.207707644747235243e-01
5.088199716688099894e-01 8.386073304263542694e-01
5.091942930753431407e-01 8.564527446257070853e-01
5.097103287769412239e-01 8.743061852626503594e-01
5.103675681886770121e-01 8.921667780525135427e-01
5.129938935972190306e-01 9.428319317834952251e-01
5.167547445592013400e-01 9.937107829300465545e-01
5.216310511929441729e-01 1.044603515565984519e+00
5.276111048707585738e-01 1.095491204885112868e+00
5.346831969649556981e-01 1.146354926081233128e+00
5.428356188478463684e-01 1.197175754348149157e+00
5.520566618917419621e-01 1.247934764879663705e+00
5.623346174689535237e-01 1.298613032869579520e+00
5.736577769517923198e-01 1.349191633511700683e+00
5.860144317125690616e-01 1.399651641999827945e+00
5.993928731235951268e-01 1.449974133527766051e+00
6.137813925571817819e-01 1.500140183289317974e+00
6.291682813856397383e-01 1.550130866478285352e+00
6.455418309812803734e-01 1.599927258288472709e+00
6.628903327164150650e-01 1.649510433913682350e+00
6.812020779633540801e-01 1.698861468547716358e+00
7.004653580944093516e-01 1.747961437384379035e+00
7.206684644818914798e-01 1.796791415617472687e+00
7.417996884981119532e-01 1.845332478440800283e+00
7.638473214978784842e-01 1.893565701010771596e+00
7.890924277674329357e-01 1.946138970731133178e+00
8.157929711682668783e-01 1.999029338343962348e+00
8.435828482866640776e-01 2.051462793146356045e+00
8.724459005015557933e-01 2.103413217750327746e+00
9.023659691918739512e-01 2.154854494767893591e+00
9.333268957365499219e-01 2.205760506811065724e+00
9.653125215145158533e-01 2.256105136491860286e+00
9.983066879047026720e-01 2.305862266422290308e+00
1.032293236286042193e+00 2.355005779214370598e+00
1.067256008037466009e+00 2.403509557480115966e+00
1.103178844537906267e+00 2.451347483831540330e+00
1.140045587166293561e+00 2.498493440880656724e+00
1.177840077301559818e+00 2.544921311239481732e+00
1.216546156322637184e+00 2.590604977520027941e+00
1.256147665608457364e+00 2.635518322334311048e+00
1.296628446537950730e+00 2.679635228294343641e+00
1.337972340490050316e+00 2.722929578012141860e+00
1.380163188843686939e+00 2.765375254099718738e+00
1.422988318223295634e+00 2.806760045174828022e+00
