110.20276795723589 67.03049902830273 37.38017732737574
120.76322300813024 94.85532492327134 11.855750838827575
144.87352025481945 113.5679905142973 -5.750037820893933
172.4353666152719 122.46428506407642 12.317988425021355
195.41159774094078 147.43352714071275 -7.626182582498586e-05
214.44482153077715 170.23732170932325 7.60888486341009
228.00746051784546 206.63859585454443 -23.116638353433178
210.53783799886202 225.93266994440174 -2.3908242957302264
192.89802170440288 244.26005827203272 10.331507483855717
195.2955081088926 258.400700700434 4.967822589666312
195.2955081088926 258.400700700434 4.967822589666312
194.28866601244383 264.06263733205935 -23.306504480289043
195.4763995687194 284.9309125128661 -9.895873041157905
194.6666229737415 318.89128444525187 -2.3908242957302264
201.94863774586128 356.6587144286597 -20.756732831703612
176.91757049416125 380.9318957304472 -8.192647618993966
152.2233357752322 404.02659865502596 1.3274690118440304
139.22599895607556 413.43691564818056 21.02752536782348
121.65164853278792 443.84736319003406 22.20844444667322
105.71522507768448 463.99273587214583 -6.816364707182242
92.9490723882844 480.2729559915455 -90.01978455354735
