267.7579981309019 400.3340398560048 <RRT.RRT.Node object at 0x0000020215B7F888>
267.7579981309019 400.3340398560048 16.060119161730213
312.55524185681196 396.0670790451448 38.483265634926525
312.0890947553929 351.06949347791857 24.273171443962216
303.8272125126715 338.5498568295408 21.33016333479713
344.0634877734647 318.3993691645319 52.08850226968339
386.2646499561503 334.02185009525056 38.92965290483417
376.00791441503316 377.8373653385931 57.08107615132279
415.77132296824965 398.9056196618631 32.00496915277493
404.28626088076203 442.41531224692454 23.32278688673235
449.01279235056177 447.3688344969017 64.15019965091821
480 480 40.91438322002513
